# Auto-generated default anti-repetition n-gram table.
# Format: role  n  pc0,pc1,...  bias
# For every ordered pair A,B:
#   Lead ABAB  -> -0.4
#   Lead ABABA -> -1.2

lead 4 0,0,0,0 -0.4
lead 4 0,2,0,2 -0.4
lead 4 0,4,0,4 -0.4
lead 4 0,11,0,11 -0.4
lead 4 0,13,0,13 -0.4
lead 4 0,15,0,15 -0.4
lead 4 0,17,0,17 -0.4
lead 4 0,24,0,24 -0.4
lead 4 0,26,0,26 -0.4
lead 4 0,28,0,28 -0.4
lead 4 0,30,0,30 -0.4
lead 4 0,37,0,37 -0.4
lead 4 0,39,0,39 -0.4
lead 4 2,0,2,0 -0.4
lead 4 2,2,2,2 -0.4
lead 4 2,4,2,4 -0.4
lead 4 2,11,2,11 -0.4
lead 4 2,13,2,13 -0.4
lead 4 2,15,2,15 -0.4
lead 4 2,17,2,17 -0.4
lead 4 2,24,2,24 -0.4
lead 4 2,26,2,26 -0.4
lead 4 2,28,2,28 -0.4
lead 4 2,30,2,30 -0.4
lead 4 2,37,2,37 -0.4
lead 4 2,39,2,39 -0.4
lead 4 4,0,4,0 -0.4
lead 4 4,2,4,2 -0.4
lead 4 4,4,4,4 -0.4
lead 4 4,11,4,11 -0.4
lead 4 4,13,4,13 -0.4
lead 4 4,15,4,15 -0.4
lead 4 4,17,4,17 -0.4
lead 4 4,24,4,24 -0.4
lead 4 4,26,4,26 -0.4
lead 4 4,28,4,28 -0.4
lead 4 4,30,4,30 -0.4
lead 4 4,37,4,37 -0.4
lead 4 4,39,4,39 -0.4
lead 4 11,0,11,0 -0.4
lead 4 11,2,11,2 -0.4
lead 4 11,4,11,4 -0.4
lead 4 11,11,11,11 -0.4
lead 4 11,13,11,13 -0.4
lead 4 11,15,11,15 -0.4
lead 4 11,17,11,17 -0.4
lead 4 11,24,11,24 -0.4
lead 4 11,26,11,26 -0.4
lead 4 11,28,11,28 -0.4
lead 4 11,30,11,30 -0.4
lead 4 11,37,11,37 -0.4
lead 4 11,39,11,39 -0.4
lead 4 13,0,13,0 -0.4
lead 4 13,2,13,2 -0.4
lead 4 13,4,13,4 -0.4
lead 4 13,11,13,11 -0.4
lead 4 13,13,13,13 -0.4
lead 4 13,15,13,15 -0.4
lead 4 13,17,13,17 -0.4
lead 4 13,24,13,24 -0.4
lead 4 13,26,13,26 -0.4
lead 4 13,28,13,28 -0.4
lead 4 13,30,13,30 -0.4
lead 4 13,37,13,37 -0.4
lead 4 13,39,13,39 -0.4
lead 4 15,0,15,0 -0.4
lead 4 15,2,15,2 -0.4
lead 4 15,4,15,4 -0.4
lead 4 15,11,15,11 -0.4
lead 4 15,13,15,13 -0.4
lead 4 15,15,15,15 -0.4
lead 4 15,17,15,17 -0.4
lead 4 15,24,15,24 -0.4
lead 4 15,26,15,26 -0.4
lead 4 15,28,15,28 -0.4
lead 4 15,30,15,30 -0.4
lead 4 15,37,15,37 -0.4
lead 4 15,39,15,39 -0.4
lead 4 17,0,17,0 -0.4
lead 4 17,2,17,2 -0.4
lead 4 17,4,17,4 -0.4
lead 4 17,11,17,11 -0.4
lead 4 17,13,17,13 -0.4
lead 4 17,15,17,15 -0.4
lead 4 17,17,17,17 -0.4
lead 4 17,24,17,24 -0.4
lead 4 17,26,17,26 -0.4
lead 4 17,28,17,28 -0.4
lead 4 17,30,17,30 -0.4
lead 4 17,37,17,37 -0.4
lead 4 17,39,17,39 -0.4
lead 4 24,0,24,0 -0.4
lead 4 24,2,24,2 -0.4
lead 4 24,4,24,4 -0.4
lead 4 24,11,24,11 -0.4
lead 4 24,13,24,13 -0.4
lead 4 24,15,24,15 -0.4
lead 4 24,17,24,17 -0.4
lead 4 24,24,24,24 -0.4
lead 4 24,26,24,26 -0.4
lead 4 24,28,24,28 -0.4
lead 4 24,30,24,30 -0.4
lead 4 24,37,24,37 -0.4
lead 4 24,39,24,39 -0.4
lead 4 26,0,26,0 -0.4
lead 4 26,2,26,2 -0.4
lead 4 26,4,26,4 -0.4
lead 4 26,11,26,11 -0.4
lead 4 26,13,26,13 -0.4
lead 4 26,15,26,15 -0.4
lead 4 26,17,26,17 -0.4
lead 4 26,24,26,24 -0.4
lead 4 26,26,26,26 -0.4
lead 4 26,28,26,28 -0.4
lead 4 26,30,26,30 -0.4
lead 4 26,37,26,37 -0.4
lead 4 26,39,26,39 -0.4
lead 4 28,0,28,0 -0.4
lead 4 28,2,28,2 -0.4
lead 4 28,4,28,4 -0.4
lead 4 28,11,28,11 -0.4
lead 4 28,13,28,13 -0.4
lead 4 28,15,28,15 -0.4
lead 4 28,17,28,17 -0.4
lead 4 28,24,28,24 -0.4
lead 4 28,26,28,26 -0.4
lead 4 28,28,28,28 -0.4
lead 4 28,30,28,30 -0.4
lead 4 28,37,28,37 -0.4
lead 4 28,39,28,39 -0.4
lead 4 30,0,30,0 -0.4
lead 4 30,2,30,2 -0.4
lead 4 30,4,30,4 -0.4
lead 4 30,11,30,11 -0.4
lead 4 30,13,30,13 -0.4
lead 4 30,15,30,15 -0.4
lead 4 30,17,30,17 -0.4
lead 4 30,24,30,24 -0.4
lead 4 30,26,30,26 -0.4
lead 4 30,28,30,28 -0.4
lead 4 30,30,30,30 -0.4
lead 4 30,37,30,37 -0.4
lead 4 30,39,30,39 -0.4
lead 4 37,0,37,0 -0.4
lead 4 37,2,37,2 -0.4
lead 4 37,4,37,4 -0.4
lead 4 37,11,37,11 -0.4
lead 4 37,13,37,13 -0.4
lead 4 37,15,37,15 -0.4
lead 4 37,17,37,17 -0.4
lead 4 37,24,37,24 -0.4
lead 4 37,26,37,26 -0.4
lead 4 37,28,37,28 -0.4
lead 4 37,30,37,30 -0.4
lead 4 37,37,37,37 -0.4
lead 4 37,39,37,39 -0.4
lead 4 39,0,39,0 -0.4
lead 4 39,2,39,2 -0.4
lead 4 39,4,39,4 -0.4
lead 4 39,11,39,11 -0.4
lead 4 39,13,39,13 -0.4
lead 4 39,15,39,15 -0.4
lead 4 39,17,39,17 -0.4
lead 4 39,24,39,24 -0.4
lead 4 39,26,39,26 -0.4
lead 4 39,28,39,28 -0.4
lead 4 39,30,39,30 -0.4
lead 4 39,37,39,37 -0.4
lead 4 39,39,39,39 -0.4
lead 5 0,0,0,0,0 -1.2
lead 5 0,2,0,2,0 -1.2
lead 5 0,4,0,4,0 -1.2
lead 5 0,11,0,11,0 -1.2
lead 5 0,13,0,13,0 -1.2
lead 5 0,15,0,15,0 -1.2
lead 5 0,17,0,17,0 -1.2
lead 5 0,24,0,24,0 -1.2
lead 5 0,26,0,26,0 -1.2
lead 5 0,28,0,28,0 -1.2
lead 5 0,30,0,30,0 -1.2
lead 5 0,37,0,37,0 -1.2
lead 5 0,39,0,39,0 -1.2
lead 5 2,0,2,0,2 -1.2
lead 5 2,2,2,2,2 -1.2
lead 5 2,4,2,4,2 -1.2
lead 5 2,11,2,11,2 -1.2
lead 5 2,13,2,13,2 -1.2
lead 5 2,15,2,15,2 -1.2
lead 5 2,17,2,17,2 -1.2
lead 5 2,24,2,24,2 -1.2
lead 5 2,26,2,26,2 -1.2
lead 5 2,28,2,28,2 -1.2
lead 5 2,30,2,30,2 -1.2
lead 5 2,37,2,37,2 -1.2
lead 5 2,39,2,39,2 -1.2
lead 5 4,0,4,0,4 -1.2
lead 5 4,2,4,2,4 -1.2
lead 5 4,4,4,4,4 -1.2
lead 5 4,11,4,11,4 -1.2
lead 5 4,13,4,13,4 -1.2
lead 5 4,15,4,15,4 -1.2
lead 5 4,17,4,17,4 -1.2
lead 5 4,24,4,24,4 -1.2
lead 5 4,26,4,26,4 -1.2
lead 5 4,28,4,28,4 -1.2
lead 5 4,30,4,30,4 -1.2
lead 5 4,37,4,37,4 -1.2
lead 5 4,39,4,39,4 -1.2
lead 5 11,0,11,0,11 -1.2
lead 5 11,2,11,2,11 -1.2
lead 5 11,4,11,4,11 -1.2
lead 5 11,11,11,11,11 -1.2
lead 5 11,13,11,13,11 -1.2
lead 5 11,15,11,15,11 -1.2
lead 5 11,17,11,17,11 -1.2
lead 5 11,24,11,24,11 -1.2
lead 5 11,26,11,26,11 -1.2
lead 5 11,28,11,28,11 -1.2
lead 5 11,30,11,30,11 -1.2
lead 5 11,37,11,37,11 -1.2
lead 5 11,39,11,39,11 -1.2
lead 5 13,0,13,0,13 -1.2
lead 5 13,2,13,2,13 -1.2
lead 5 13,4,13,4,13 -1.2
lead 5 13,11,13,11,13 -1.2
lead 5 13,13,13,13,13 -1.2
lead 5 13,15,13,15,13 -1.2
lead 5 13,17,13,17,13 -1.2
lead 5 13,24,13,24,13 -1.2
lead 5 13,26,13,26,13 -1.2
lead 5 13,28,13,28,13 -1.2
lead 5 13,30,13,30,13 -1.2
lead 5 13,37,13,37,13 -1.2
lead 5 13,39,13,39,13 -1.2
lead 5 15,0,15,0,15 -1.2
lead 5 15,2,15,2,15 -1.2
lead 5 15,4,15,4,15 -1.2
lead 5 15,11,15,11,15 -1.2
lead 5 15,13,15,13,15 -1.2
lead 5 15,15,15,15,15 -1.2
lead 5 15,17,15,17,15 -1.2
lead 5 15,24,15,24,15 -1.2
lead 5 15,26,15,26,15 -1.2
lead 5 15,28,15,28,15 -1.2
lead 5 15,30,15,30,15 -1.2
lead 5 15,37,15,37,15 -1.2
lead 5 15,39,15,39,15 -1.2
lead 5 17,0,17,0,17 -1.2
lead 5 17,2,17,2,17 -1.2
lead 5 17,4,17,4,17 -1.2
lead 5 17,11,17,11,17 -1.2
lead 5 17,13,17,13,17 -1.2
lead 5 17,15,17,15,17 -1.2
lead 5 17,17,17,17,17 -1.2
lead 5 17,24,17,24,17 -1.2
lead 5 17,26,17,26,17 -1.2
lead 5 17,28,17,28,17 -1.2
lead 5 17,30,17,30,17 -1.2
lead 5 17,37,17,37,17 -1.2
lead 5 17,39,17,39,17 -1.2
lead 5 24,0,24,0,24 -1.2
lead 5 24,2,24,2,24 -1.2
lead 5 24,4,24,4,24 -1.2
lead 5 24,11,24,11,24 -1.2
lead 5 24,13,24,13,24 -1.2
lead 5 24,15,24,15,24 -1.2
lead 5 24,17,24,17,24 -1.2
lead 5 24,24,24,24,24 -1.2
lead 5 24,26,24,26,24 -1.2
lead 5 24,28,24,28,24 -1.2
lead 5 24,30,24,30,24 -1.2
lead 5 24,37,24,37,24 -1.2
lead 5 24,39,24,39,24 -1.2
lead 5 26,0,26,0,26 -1.2
lead 5 26,2,26,2,26 -1.2
lead 5 26,4,26,4,26 -1.2
lead 5 26,11,26,11,26 -1.2
lead 5 26,13,26,13,26 -1.2
lead 5 26,15,26,15,26 -1.2
lead 5 26,17,26,17,26 -1.2
lead 5 26,24,26,24,26 -1.2
lead 5 26,26,26,26,26 -1.2
lead 5 26,28,26,28,26 -1.2
lead 5 26,30,26,30,26 -1.2
lead 5 26,37,26,37,26 -1.2
lead 5 26,39,26,39,26 -1.2
lead 5 28,0,28,0,28 -1.2
lead 5 28,2,28,2,28 -1.2
lead 5 28,4,28,4,28 -1.2
lead 5 28,11,28,11,28 -1.2
lead 5 28,13,28,13,28 -1.2
lead 5 28,15,28,15,28 -1.2
lead 5 28,17,28,17,28 -1.2
lead 5 28,24,28,24,28 -1.2
lead 5 28,26,28,26,28 -1.2
lead 5 28,28,28,28,28 -1.2
lead 5 28,30,28,30,28 -1.2
lead 5 28,37,28,37,28 -1.2
lead 5 28,39,28,39,28 -1.2
lead 5 30,0,30,0,30 -1.2
lead 5 30,2,30,2,30 -1.2
lead 5 30,4,30,4,30 -1.2
lead 5 30,11,30,11,30 -1.2
lead 5 30,13,30,13,30 -1.2
lead 5 30,15,30,15,30 -1.2
lead 5 30,17,30,17,30 -1.2
lead 5 30,24,30,24,30 -1.2
lead 5 30,26,30,26,30 -1.2
lead 5 30,28,30,28,30 -1.2
lead 5 30,30,30,30,30 -1.2
lead 5 30,37,30,37,30 -1.2
lead 5 30,39,30,39,30 -1.2
lead 5 37,0,37,0,37 -1.2
lead 5 37,2,37,2,37 -1.2
lead 5 37,4,37,4,37 -1.2
lead 5 37,11,37,11,37 -1.2
lead 5 37,13,37,13,37 -1.2
lead 5 37,15,37,15,37 -1.2
lead 5 37,17,37,17,37 -1.2
lead 5 37,24,37,24,37 -1.2
lead 5 37,26,37,26,37 -1.2
lead 5 37,28,37,28,37 -1.2
lead 5 37,30,37,30,37 -1.2
lead 5 37,37,37,37,37 -1.2
lead 5 37,39,37,39,37 -1.2
lead 5 39,0,39,0,39 -1.2
lead 5 39,2,39,2,39 -1.2
lead 5 39,4,39,4,39 -1.2
lead 5 39,11,39,11,39 -1.2
lead 5 39,13,39,13,39 -1.2
lead 5 39,15,39,15,39 -1.2
lead 5 39,17,39,17,39 -1.2
lead 5 39,24,39,24,39 -1.2
lead 5 39,26,39,26,39 -1.2
lead 5 39,28,39,28,39 -1.2
lead 5 39,30,39,30,39 -1.2
lead 5 39,37,39,37,39 -1.2
lead 5 39,39,39,39,39 -1.2
