# Auto-generated default anti-repetition n-gram table.
# Format: role  n  pc0,pc1,...  bias
# For every ordered pair A,B:
#   Lead ABAB  -> -0.4
#   Lead ABABA -> -1.2

lead 4 0,0,0,0 -0.4
lead 4 0,3,0,3 -0.4
lead 4 0,5,0,5 -0.4
lead 4 0,8,0,8 -0.4
lead 4 0,10,0,10 -0.4
lead 4 0,13,0,13 -0.4
lead 4 0,15,0,15 -0.4
lead 4 0,18,0,18 -0.4
lead 4 0,21,0,21 -0.4
lead 4 0,23,0,23 -0.4
lead 4 0,26,0,26 -0.4
lead 4 0,28,0,28 -0.4
lead 4 3,0,3,0 -0.4
lead 4 3,3,3,3 -0.4
lead 4 3,5,3,5 -0.4
lead 4 3,8,3,8 -0.4
lead 4 3,10,3,10 -0.4
lead 4 3,13,3,13 -0.4
lead 4 3,15,3,15 -0.4
lead 4 3,18,3,18 -0.4
lead 4 3,21,3,21 -0.4
lead 4 3,23,3,23 -0.4
lead 4 3,26,3,26 -0.4
lead 4 3,28,3,28 -0.4
lead 4 5,0,5,0 -0.4
lead 4 5,3,5,3 -0.4
lead 4 5,5,5,5 -0.4
lead 4 5,8,5,8 -0.4
lead 4 5,10,5,10 -0.4
lead 4 5,13,5,13 -0.4
lead 4 5,15,5,15 -0.4
lead 4 5,18,5,18 -0.4
lead 4 5,21,5,21 -0.4
lead 4 5,23,5,23 -0.4
lead 4 5,26,5,26 -0.4
lead 4 5,28,5,28 -0.4
lead 4 8,0,8,0 -0.4
lead 4 8,3,8,3 -0.4
lead 4 8,5,8,5 -0.4
lead 4 8,8,8,8 -0.4
lead 4 8,10,8,10 -0.4
lead 4 8,13,8,13 -0.4
lead 4 8,15,8,15 -0.4
lead 4 8,18,8,18 -0.4
lead 4 8,21,8,21 -0.4
lead 4 8,23,8,23 -0.4
lead 4 8,26,8,26 -0.4
lead 4 8,28,8,28 -0.4
lead 4 10,0,10,0 -0.4
lead 4 10,3,10,3 -0.4
lead 4 10,5,10,5 -0.4
lead 4 10,8,10,8 -0.4
lead 4 10,10,10,10 -0.4
lead 4 10,13,10,13 -0.4
lead 4 10,15,10,15 -0.4
lead 4 10,18,10,18 -0.4
lead 4 10,21,10,21 -0.4
lead 4 10,23,10,23 -0.4
lead 4 10,26,10,26 -0.4
lead 4 10,28,10,28 -0.4
lead 4 13,0,13,0 -0.4
lead 4 13,3,13,3 -0.4
lead 4 13,5,13,5 -0.4
lead 4 13,8,13,8 -0.4
lead 4 13,10,13,10 -0.4
lead 4 13,13,13,13 -0.4
lead 4 13,15,13,15 -0.4
lead 4 13,18,13,18 -0.4
lead 4 13,21,13,21 -0.4
lead 4 13,23,13,23 -0.4
lead 4 13,26,13,26 -0.4
lead 4 13,28,13,28 -0.4
lead 4 15,0,15,0 -0.4
lead 4 15,3,15,3 -0.4
lead 4 15,5,15,5 -0.4
lead 4 15,8,15,8 -0.4
lead 4 15,10,15,10 -0.4
lead 4 15,13,15,13 -0.4
lead 4 15,15,15,15 -0.4
lead 4 15,18,15,18 -0.4
lead 4 15,21,15,21 -0.4
lead 4 15,23,15,23 -0.4
lead 4 15,26,15,26 -0.4
lead 4 15,28,15,28 -0.4
lead 4 18,0,18,0 -0.4
lead 4 18,3,18,3 -0.4
lead 4 18,5,18,5 -0.4
lead 4 18,8,18,8 -0.4
lead 4 18,10,18,10 -0.4
lead 4 18,13,18,13 -0.4
lead 4 18,15,18,15 -0.4
lead 4 18,18,18,18 -0.4
lead 4 18,21,18,21 -0.4
lead 4 18,23,18,23 -0.4
lead 4 18,26,18,26 -0.4
lead 4 18,28,18,28 -0.4
lead 4 21,0,21,0 -0.4
lead 4 21,3,21,3 -0.4
lead 4 21,5,21,5 -0.4
lead 4 21,8,21,8 -0.4
lead 4 21,10,21,10 -0.4
lead 4 21,13,21,13 -0.4
lead 4 21,15,21,15 -0.4
lead 4 21,18,21,18 -0.4
lead 4 21,21,21,21 -0.4
lead 4 21,23,21,23 -0.4
lead 4 21,26,21,26 -0.4
lead 4 21,28,21,28 -0.4
lead 4 23,0,23,0 -0.4
lead 4 23,3,23,3 -0.4
lead 4 23,5,23,5 -0.4
lead 4 23,8,23,8 -0.4
lead 4 23,10,23,10 -0.4
lead 4 23,13,23,13 -0.4
lead 4 23,15,23,15 -0.4
lead 4 23,18,23,18 -0.4
lead 4 23,21,23,21 -0.4
lead 4 23,23,23,23 -0.4
lead 4 23,26,23,26 -0.4
lead 4 23,28,23,28 -0.4
lead 4 26,0,26,0 -0.4
lead 4 26,3,26,3 -0.4
lead 4 26,5,26,5 -0.4
lead 4 26,8,26,8 -0.4
lead 4 26,10,26,10 -0.4
lead 4 26,13,26,13 -0.4
lead 4 26,15,26,15 -0.4
lead 4 26,18,26,18 -0.4
lead 4 26,21,26,21 -0.4
lead 4 26,23,26,23 -0.4
lead 4 26,26,26,26 -0.4
lead 4 26,28,26,28 -0.4
lead 4 28,0,28,0 -0.4
lead 4 28,3,28,3 -0.4
lead 4 28,5,28,5 -0.4
lead 4 28,8,28,8 -0.4
lead 4 28,10,28,10 -0.4
lead 4 28,13,28,13 -0.4
lead 4 28,15,28,15 -0.4
lead 4 28,18,28,18 -0.4
lead 4 28,21,28,21 -0.4
lead 4 28,23,28,23 -0.4
lead 4 28,26,28,26 -0.4
lead 4 28,28,28,28 -0.4
lead 5 0,0,0,0,0 -1.2
lead 5 0,3,0,3,0 -1.2
lead 5 0,5,0,5,0 -1.2
lead 5 0,8,0,8,0 -1.2
lead 5 0,10,0,10,0 -1.2
lead 5 0,13,0,13,0 -1.2
lead 5 0,15,0,15,0 -1.2
lead 5 0,18,0,18,0 -1.2
lead 5 0,21,0,21,0 -1.2
lead 5 0,23,0,23,0 -1.2
lead 5 0,26,0,26,0 -1.2
lead 5 0,28,0,28,0 -1.2
lead 5 3,0,3,0,3 -1.2
lead 5 3,3,3,3,3 -1.2
lead 5 3,5,3,5,3 -1.2
lead 5 3,8,3,8,3 -1.2
lead 5 3,10,3,10,3 -1.2
lead 5 3,13,3,13,3 -1.2
lead 5 3,15,3,15,3 -1.2
lead 5 3,18,3,18,3 -1.2
lead 5 3,21,3,21,3 -1.2
lead 5 3,23,3,23,3 -1.2
lead 5 3,26,3,26,3 -1.2
lead 5 3,28,3,28,3 -1.2
lead 5 5,0,5,0,5 -1.2
lead 5 5,3,5,3,5 -1.2
lead 5 5,5,5,5,5 -1.2
lead 5 5,8,5,8,5 -1.2
lead 5 5,10,5,10,5 -1.2
lead 5 5,13,5,13,5 -1.2
lead 5 5,15,5,15,5 -1.2
lead 5 5,18,5,18,5 -1.2
lead 5 5,21,5,21,5 -1.2
lead 5 5,23,5,23,5 -1.2
lead 5 5,26,5,26,5 -1.2
lead 5 5,28,5,28,5 -1.2
lead 5 8,0,8,0,8 -1.2
lead 5 8,3,8,3,8 -1.2
lead 5 8,5,8,5,8 -1.2
lead 5 8,8,8,8,8 -1.2
lead 5 8,10,8,10,8 -1.2
lead 5 8,13,8,13,8 -1.2
lead 5 8,15,8,15,8 -1.2
lead 5 8,18,8,18,8 -1.2
lead 5 8,21,8,21,8 -1.2
lead 5 8,23,8,23,8 -1.2
lead 5 8,26,8,26,8 -1.2
lead 5 8,28,8,28,8 -1.2
lead 5 10,0,10,0,10 -1.2
lead 5 10,3,10,3,10 -1.2
lead 5 10,5,10,5,10 -1.2
lead 5 10,8,10,8,10 -1.2
lead 5 10,10,10,10,10 -1.2
lead 5 10,13,10,13,10 -1.2
lead 5 10,15,10,15,10 -1.2
lead 5 10,18,10,18,10 -1.2
lead 5 10,21,10,21,10 -1.2
lead 5 10,23,10,23,10 -1.2
lead 5 10,26,10,26,10 -1.2
lead 5 10,28,10,28,10 -1.2
lead 5 13,0,13,0,13 -1.2
lead 5 13,3,13,3,13 -1.2
lead 5 13,5,13,5,13 -1.2
lead 5 13,8,13,8,13 -1.2
lead 5 13,10,13,10,13 -1.2
lead 5 13,13,13,13,13 -1.2
lead 5 13,15,13,15,13 -1.2
lead 5 13,18,13,18,13 -1.2
lead 5 13,21,13,21,13 -1.2
lead 5 13,23,13,23,13 -1.2
lead 5 13,26,13,26,13 -1.2
lead 5 13,28,13,28,13 -1.2
lead 5 15,0,15,0,15 -1.2
lead 5 15,3,15,3,15 -1.2
lead 5 15,5,15,5,15 -1.2
lead 5 15,8,15,8,15 -1.2
lead 5 15,10,15,10,15 -1.2
lead 5 15,13,15,13,15 -1.2
lead 5 15,15,15,15,15 -1.2
lead 5 15,18,15,18,15 -1.2
lead 5 15,21,15,21,15 -1.2
lead 5 15,23,15,23,15 -1.2
lead 5 15,26,15,26,15 -1.2
lead 5 15,28,15,28,15 -1.2
lead 5 18,0,18,0,18 -1.2
lead 5 18,3,18,3,18 -1.2
lead 5 18,5,18,5,18 -1.2
lead 5 18,8,18,8,18 -1.2
lead 5 18,10,18,10,18 -1.2
lead 5 18,13,18,13,18 -1.2
lead 5 18,15,18,15,18 -1.2
lead 5 18,18,18,18,18 -1.2
lead 5 18,21,18,21,18 -1.2
lead 5 18,23,18,23,18 -1.2
lead 5 18,26,18,26,18 -1.2
lead 5 18,28,18,28,18 -1.2
lead 5 21,0,21,0,21 -1.2
lead 5 21,3,21,3,21 -1.2
lead 5 21,5,21,5,21 -1.2
lead 5 21,8,21,8,21 -1.2
lead 5 21,10,21,10,21 -1.2
lead 5 21,13,21,13,21 -1.2
lead 5 21,15,21,15,21 -1.2
lead 5 21,18,21,18,21 -1.2
lead 5 21,21,21,21,21 -1.2
lead 5 21,23,21,23,21 -1.2
lead 5 21,26,21,26,21 -1.2
lead 5 21,28,21,28,21 -1.2
lead 5 23,0,23,0,23 -1.2
lead 5 23,3,23,3,23 -1.2
lead 5 23,5,23,5,23 -1.2
lead 5 23,8,23,8,23 -1.2
lead 5 23,10,23,10,23 -1.2
lead 5 23,13,23,13,23 -1.2
lead 5 23,15,23,15,23 -1.2
lead 5 23,18,23,18,23 -1.2
lead 5 23,21,23,21,23 -1.2
lead 5 23,23,23,23,23 -1.2
lead 5 23,26,23,26,23 -1.2
lead 5 23,28,23,28,23 -1.2
lead 5 26,0,26,0,26 -1.2
lead 5 26,3,26,3,26 -1.2
lead 5 26,5,26,5,26 -1.2
lead 5 26,8,26,8,26 -1.2
lead 5 26,10,26,10,26 -1.2
lead 5 26,13,26,13,26 -1.2
lead 5 26,15,26,15,26 -1.2
lead 5 26,18,26,18,26 -1.2
lead 5 26,21,26,21,26 -1.2
lead 5 26,23,26,23,26 -1.2
lead 5 26,26,26,26,26 -1.2
lead 5 26,28,26,28,26 -1.2
lead 5 28,0,28,0,28 -1.2
lead 5 28,3,28,3,28 -1.2
lead 5 28,5,28,5,28 -1.2
lead 5 28,8,28,8,28 -1.2
lead 5 28,10,28,10,28 -1.2
lead 5 28,13,28,13,28 -1.2
lead 5 28,15,28,15,28 -1.2
lead 5 28,18,28,18,28 -1.2
lead 5 28,21,28,21,28 -1.2
lead 5 28,23,28,23,28 -1.2
lead 5 28,26,28,26,28 -1.2
lead 5 28,28,28,28,28 -1.2
