# AdaptiveNGram/1
# Balanced 7/6 dyads: 1.0 -> 0.6; matching ABA cancellation: -1.0 -> -0.6.
# Based on pre_color; all other entries preserved. Reference frequency is 41/260, not a quota.
# Exported from score_builder(20260830-173941).py after all assignments/overrides.
# Sparse format: role<TAB>n<TAB>comma-separated EDO pitch classes<TAB>bias
# Positive bias = reward; negative bias = penalty. Zero entries are intentionally absent.
lead	2	0,7	0.4
lead	2	0,16	0.6
lead	2	0,23	0.4
lead	2	0,30	0.4
lead	2	0,42	0.4
lead	2	0,49	0.4
lead	2	7,0	0.4
lead	2	7,23	0.6
lead	2	7,30	0.4
lead	2	7,35	-0.4
lead	2	7,49	0.4
lead	2	16,0	0.6
lead	2	16,35	0.4
lead	2	16,58	0.4
lead	2	16,65	0.4
lead	2	23,0	0.4
lead	2	23,7	0.6
lead	2	23,42	0.4
lead	2	23,65	0.4
lead	2	30,0	0.4
lead	2	30,7	0.4
lead	2	30,42	0.4
lead	2	30,49	0.4
lead	2	30,58	-0.4
lead	2	35,7	-0.4
lead	2	35,16	0.4
lead	2	35,58	0.4
lead	2	35,65	0.4
lead	2	42,0	0.4
lead	2	42,23	0.4
lead	2	42,30	0.4
lead	2	42,58	0.6
lead	2	42,65	0.4
lead	2	49,0	0.4
lead	2	49,7	0.4
lead	2	49,30	0.4
lead	2	49,65	0.6
lead	2	58,16	0.4
lead	2	58,30	-0.4
lead	2	58,35	0.4
lead	2	58,42	0.6
lead	2	65,0	0.8
lead	2	65,16	0.4
lead	2	65,23	0.4
lead	2	65,35	0.4
lead	2	65,42	0.4
lead	2	65,49	0.6
lead	3	0,16,0	-0.6
lead	3	0,16,30	0.8
lead	3	0,23,42	0.8
lead	3	0,42,0	0.8
lead	3	0,42,23	0.8
lead	3	0,58,42	0.8
lead	3	7,0,65	0.8
lead	3	7,23,7	-0.6
lead	3	7,23,30	0.8
lead	3	7,30,7	0.8
lead	3	7,30,49	0.8
lead	3	16,0,16	-0.6
lead	3	23,7,0	0.8
lead	3	23,7,23	-0.6
lead	3	23,30,42	0.8
lead	3	23,42,58	0.8
lead	3	30,7,0	0.8
lead	3	30,16,0	0.8
lead	3	30,23,7	0.8
lead	3	30,42,49	0.8
lead	3	30,49,0	0.8
lead	3	30,49,65	0.8
lead	3	42,16,0	0.8
lead	3	42,58,42	-0.6
lead	3	42,65,0	0.8
lead	3	49,65,49	-0.6
lead	3	58,42,16	0.8
lead	3	58,42,58	-0.6
lead	3	58,65,0	-0.8
lead	3	58,65,58	0.8
lead	3	65,0,7	0.8
lead	3	65,49,65	-0.6
lead	4	0,0,0,0	-0.4
lead	4	0,7,0,7	-0.4
lead	4	0,16,0,16	-0.4
lead	4	0,23,0,23	-0.4
lead	4	0,30,0,30	-0.4
lead	4	0,35,0,35	-0.4
lead	4	0,42,0,42	-0.4
lead	4	0,49,0,49	-0.4
lead	4	0,58,0,58	-0.4
lead	4	0,65,0,65	-0.4
lead	4	7,0,7,0	-0.4
lead	4	7,7,7,7	-0.4
lead	4	7,16,7,16	-0.4
lead	4	7,23,7,23	-0.4
lead	4	7,30,7,30	-0.4
lead	4	7,35,7,35	-0.4
lead	4	7,42,7,42	-0.4
lead	4	7,49,7,49	-0.4
lead	4	7,58,7,58	-0.4
lead	4	7,65,7,65	-0.4
lead	4	16,0,16,0	-0.4
lead	4	16,7,16,7	-0.4
lead	4	16,16,16,16	-0.4
lead	4	16,23,16,23	-0.4
lead	4	16,30,16,30	-0.4
lead	4	16,35,16,35	-0.4
lead	4	16,42,16,42	-0.4
lead	4	16,49,16,49	-0.4
lead	4	16,58,16,58	-0.4
lead	4	16,65,16,65	-0.4
lead	4	23,0,23,0	-0.4
lead	4	23,7,23,7	-0.4
lead	4	23,16,23,16	-0.4
lead	4	23,23,23,23	-0.4
lead	4	23,30,23,30	-0.4
lead	4	23,35,23,35	-0.4
lead	4	23,42,23,42	-0.4
lead	4	23,49,23,49	-0.4
lead	4	23,58,23,58	-0.4
lead	4	23,65,23,65	-0.4
lead	4	30,0,30,0	-0.4
lead	4	30,7,30,7	-0.4
lead	4	30,16,30,16	-0.4
lead	4	30,23,30,23	-0.4
lead	4	30,30,30,30	-0.4
lead	4	30,35,30,35	-0.4
lead	4	30,42,30,42	-0.4
lead	4	30,49,30,49	-0.4
lead	4	30,58,30,58	-0.4
lead	4	30,65,30,65	-0.4
lead	4	35,0,35,0	-0.4
lead	4	35,7,35,7	-0.4
lead	4	35,16,35,16	-0.4
lead	4	35,23,35,23	-0.4
lead	4	35,30,35,30	-0.4
lead	4	35,35,35,35	-0.4
lead	4	35,42,35,42	-0.4
lead	4	35,49,35,49	-0.4
lead	4	35,58,35,58	-0.4
lead	4	35,65,35,65	-0.4
lead	4	42,0,42,0	-0.4
lead	4	42,7,42,7	-0.4
lead	4	42,16,42,16	-0.4
lead	4	42,23,42,23	-0.4
lead	4	42,30,42,30	-0.4
lead	4	42,35,42,35	-0.4
lead	4	42,42,42,42	-0.4
lead	4	42,49,42,49	-0.4
lead	4	42,58,42,58	-0.4
lead	4	42,65,42,65	-0.4
lead	4	49,0,49,0	-0.4
lead	4	49,7,49,7	-0.4
lead	4	49,16,49,16	-0.4
lead	4	49,23,49,23	-0.4
lead	4	49,30,49,30	-0.4
lead	4	49,35,49,35	-0.4
lead	4	49,42,49,42	-0.4
lead	4	49,49,49,49	-0.4
lead	4	49,58,49,58	-0.4
lead	4	49,65,49,65	-0.4
lead	4	58,0,58,0	-0.4
lead	4	58,7,58,7	-0.4
lead	4	58,16,58,16	-0.4
lead	4	58,23,58,23	-0.4
lead	4	58,30,58,30	-0.4
lead	4	58,35,58,35	-0.4
lead	4	58,42,58,42	-0.4
lead	4	58,49,58,49	-0.4
lead	4	58,58,58,58	-0.4
lead	4	58,65,58,65	-0.4
lead	4	65,0,65,0	-0.4
lead	4	65,7,65,7	-0.4
lead	4	65,16,65,16	-0.4
lead	4	65,23,65,23	-0.4
lead	4	65,30,65,30	-0.4
lead	4	65,35,65,35	-0.4
lead	4	65,42,65,42	-0.4
lead	4	65,49,65,49	-0.4
lead	4	65,58,65,58	-0.4
lead	4	65,65,65,65	-0.4
lead	5	0,0,0,0,0	-1.2
lead	5	0,0,0,7,0	-0.4
lead	5	0,0,0,16,0	-0.4
lead	5	0,0,0,23,0	-0.4
lead	5	0,0,0,30,0	-0.4
lead	5	0,0,0,35,0	-0.4
lead	5	0,0,0,42,0	-0.4
lead	5	0,0,0,49,0	-0.4
lead	5	0,0,0,58,0	-0.4
lead	5	0,0,0,65,0	-0.4
lead	5	0,7,0,0,0	-0.4
lead	5	0,7,0,7,0	-1.2
lead	5	0,7,0,16,0	-0.4
lead	5	0,7,0,23,0	-0.4
lead	5	0,7,0,30,0	-0.4
lead	5	0,7,0,35,0	-0.4
lead	5	0,7,0,42,0	-0.4
lead	5	0,7,0,49,0	-0.4
lead	5	0,7,0,58,0	-0.4
lead	5	0,7,0,65,0	-0.4
lead	5	0,16,0,0,0	-0.4
lead	5	0,16,0,7,0	-0.4
lead	5	0,16,0,16,0	-1.2
lead	5	0,16,0,23,0	-0.4
lead	5	0,16,0,30,0	-0.4
lead	5	0,16,0,35,0	-0.4
lead	5	0,16,0,42,0	-0.4
lead	5	0,16,0,49,0	-0.4
lead	5	0,16,0,58,0	-0.4
lead	5	0,16,0,65,0	-0.4
lead	5	0,23,0,0,0	-0.4
lead	5	0,23,0,7,0	-0.4
lead	5	0,23,0,16,0	-0.4
lead	5	0,23,0,23,0	-1.2
lead	5	0,23,0,30,0	-0.4
lead	5	0,23,0,35,0	-0.4
lead	5	0,23,0,42,0	-0.4
lead	5	0,23,0,49,0	-0.4
lead	5	0,23,0,58,0	-0.4
lead	5	0,23,0,65,0	-0.4
lead	5	0,30,0,0,0	-0.4
lead	5	0,30,0,7,0	-0.4
lead	5	0,30,0,16,0	-0.4
lead	5	0,30,0,23,0	-0.4
lead	5	0,30,0,30,0	-1.2
lead	5	0,30,0,35,0	-0.4
lead	5	0,30,0,42,0	-0.4
lead	5	0,30,0,49,0	-0.4
lead	5	0,30,0,58,0	-0.4
lead	5	0,30,0,65,0	-0.4
lead	5	0,35,0,0,0	-0.4
lead	5	0,35,0,7,0	-0.4
lead	5	0,35,0,16,0	-0.4
lead	5	0,35,0,23,0	-0.4
lead	5	0,35,0,30,0	-0.4
lead	5	0,35,0,35,0	-1.2
lead	5	0,35,0,42,0	-0.4
lead	5	0,35,0,49,0	-0.4
lead	5	0,35,0,58,0	-0.4
lead	5	0,35,0,65,0	-0.4
lead	5	0,42,0,0,0	-0.4
lead	5	0,42,0,7,0	-0.4
lead	5	0,42,0,16,0	-0.4
lead	5	0,42,0,23,0	-0.4
lead	5	0,42,0,30,0	-0.4
lead	5	0,42,0,35,0	-0.4
lead	5	0,42,0,42,0	-1.2
lead	5	0,42,0,49,0	-0.4
lead	5	0,42,0,58,0	-0.4
lead	5	0,42,0,65,0	-0.4
lead	5	0,49,0,0,0	-0.4
lead	5	0,49,0,7,0	-0.4
lead	5	0,49,0,16,0	-0.4
lead	5	0,49,0,23,0	-0.4
lead	5	0,49,0,30,0	-0.4
lead	5	0,49,0,35,0	-0.4
lead	5	0,49,0,42,0	-0.4
lead	5	0,49,0,49,0	-1.2
lead	5	0,49,0,58,0	-0.4
lead	5	0,49,0,65,0	-0.4
lead	5	0,58,0,0,0	-0.4
lead	5	0,58,0,7,0	-0.4
lead	5	0,58,0,16,0	-0.4
lead	5	0,58,0,23,0	-0.4
lead	5	0,58,0,30,0	-0.4
lead	5	0,58,0,35,0	-0.4
lead	5	0,58,0,42,0	-0.4
lead	5	0,58,0,49,0	-0.4
lead	5	0,58,0,58,0	-1.2
lead	5	0,58,0,65,0	-0.4
lead	5	0,65,0,0,0	-0.4
lead	5	0,65,0,7,0	-0.4
lead	5	0,65,0,16,0	-0.4
lead	5	0,65,0,23,0	-0.4
lead	5	0,65,0,30,0	-0.4
lead	5	0,65,0,35,0	-0.4
lead	5	0,65,0,42,0	-0.4
lead	5	0,65,0,49,0	-0.4
lead	5	0,65,0,58,0	-0.4
lead	5	0,65,0,65,0	-1.2
lead	5	7,0,7,0,7	-1.2
lead	5	7,0,7,7,7	-0.4
lead	5	7,0,7,16,7	-0.4
lead	5	7,0,7,23,7	-0.4
lead	5	7,0,7,30,7	-0.4
lead	5	7,0,7,35,7	-0.4
lead	5	7,0,7,42,7	-0.4
lead	5	7,0,7,49,7	-0.4
lead	5	7,0,7,58,7	-0.4
lead	5	7,0,7,65,7	-0.4
lead	5	7,7,7,0,7	-0.4
lead	5	7,7,7,7,7	-1.2
lead	5	7,7,7,16,7	-0.4
lead	5	7,7,7,23,7	-0.4
lead	5	7,7,7,30,7	-0.4
lead	5	7,7,7,35,7	-0.4
lead	5	7,7,7,42,7	-0.4
lead	5	7,7,7,49,7	-0.4
lead	5	7,7,7,58,7	-0.4
lead	5	7,7,7,65,7	-0.4
lead	5	7,16,7,0,7	-0.4
lead	5	7,16,7,7,7	-0.4
lead	5	7,16,7,16,7	-1.2
lead	5	7,16,7,23,7	-0.4
lead	5	7,16,7,30,7	-0.4
lead	5	7,16,7,35,7	-0.4
lead	5	7,16,7,42,7	-0.4
lead	5	7,16,7,49,7	-0.4
lead	5	7,16,7,58,7	-0.4
lead	5	7,16,7,65,7	-0.4
lead	5	7,23,7,0,7	-0.4
lead	5	7,23,7,7,7	-0.4
lead	5	7,23,7,16,7	-0.4
lead	5	7,23,7,23,7	-1.2
lead	5	7,23,7,30,7	-0.4
lead	5	7,23,7,35,7	-0.4
lead	5	7,23,7,42,7	-0.4
lead	5	7,23,7,49,7	-0.4
lead	5	7,23,7,58,7	-0.4
lead	5	7,23,7,65,7	-0.4
lead	5	7,30,7,0,7	-0.4
lead	5	7,30,7,7,7	-0.4
lead	5	7,30,7,16,7	-0.4
lead	5	7,30,7,23,7	-0.4
lead	5	7,30,7,30,7	-1.2
lead	5	7,30,7,35,7	-0.4
lead	5	7,30,7,42,7	-0.4
lead	5	7,30,7,49,7	-0.4
lead	5	7,30,7,58,7	-0.4
lead	5	7,30,7,65,7	-0.4
lead	5	7,35,7,0,7	-0.4
lead	5	7,35,7,7,7	-0.4
lead	5	7,35,7,16,7	-0.4
lead	5	7,35,7,23,7	-0.4
lead	5	7,35,7,30,7	-0.4
lead	5	7,35,7,35,7	-1.2
lead	5	7,35,7,42,7	-0.4
lead	5	7,35,7,49,7	-0.4
lead	5	7,35,7,58,7	-0.4
lead	5	7,35,7,65,7	-0.4
lead	5	7,42,7,0,7	-0.4
lead	5	7,42,7,7,7	-0.4
lead	5	7,42,7,16,7	-0.4
lead	5	7,42,7,23,7	-0.4
lead	5	7,42,7,30,7	-0.4
lead	5	7,42,7,35,7	-0.4
lead	5	7,42,7,42,7	-1.2
lead	5	7,42,7,49,7	-0.4
lead	5	7,42,7,58,7	-0.4
lead	5	7,42,7,65,7	-0.4
lead	5	7,49,7,0,7	-0.4
lead	5	7,49,7,7,7	-0.4
lead	5	7,49,7,16,7	-0.4
lead	5	7,49,7,23,7	-0.4
lead	5	7,49,7,30,7	-0.4
lead	5	7,49,7,35,7	-0.4
lead	5	7,49,7,42,7	-0.4
lead	5	7,49,7,49,7	-1.2
lead	5	7,49,7,58,7	-0.4
lead	5	7,49,7,65,7	-0.4
lead	5	7,58,7,0,7	-0.4
lead	5	7,58,7,7,7	-0.4
lead	5	7,58,7,16,7	-0.4
lead	5	7,58,7,23,7	-0.4
lead	5	7,58,7,30,7	-0.4
lead	5	7,58,7,35,7	-0.4
lead	5	7,58,7,42,7	-0.4
lead	5	7,58,7,49,7	-0.4
lead	5	7,58,7,58,7	-1.2
lead	5	7,58,7,65,7	-0.4
lead	5	7,65,7,0,7	-0.4
lead	5	7,65,7,7,7	-0.4
lead	5	7,65,7,16,7	-0.4
lead	5	7,65,7,23,7	-0.4
lead	5	7,65,7,30,7	-0.4
lead	5	7,65,7,35,7	-0.4
lead	5	7,65,7,42,7	-0.4
lead	5	7,65,7,49,7	-0.4
lead	5	7,65,7,58,7	-0.4
lead	5	7,65,7,65,7	-1.2
lead	5	16,0,16,0,16	-1.2
lead	5	16,0,16,7,16	-0.4
lead	5	16,0,16,16,16	-0.4
lead	5	16,0,16,23,16	-0.4
lead	5	16,0,16,30,16	-0.4
lead	5	16,0,16,35,16	-0.4
lead	5	16,0,16,42,16	-0.4
lead	5	16,0,16,49,16	-0.4
lead	5	16,0,16,58,16	-0.4
lead	5	16,0,16,65,16	-0.4
lead	5	16,7,16,0,16	-0.4
lead	5	16,7,16,7,16	-1.2
lead	5	16,7,16,16,16	-0.4
lead	5	16,7,16,23,16	-0.4
lead	5	16,7,16,30,16	-0.4
lead	5	16,7,16,35,16	-0.4
lead	5	16,7,16,42,16	-0.4
lead	5	16,7,16,49,16	-0.4
lead	5	16,7,16,58,16	-0.4
lead	5	16,7,16,65,16	-0.4
lead	5	16,16,16,0,16	-0.4
lead	5	16,16,16,7,16	-0.4
lead	5	16,16,16,16,16	-1.2
lead	5	16,16,16,23,16	-0.4
lead	5	16,16,16,30,16	-0.4
lead	5	16,16,16,35,16	-0.4
lead	5	16,16,16,42,16	-0.4
lead	5	16,16,16,49,16	-0.4
lead	5	16,16,16,58,16	-0.4
lead	5	16,16,16,65,16	-0.4
lead	5	16,23,16,0,16	-0.4
lead	5	16,23,16,7,16	-0.4
lead	5	16,23,16,16,16	-0.4
lead	5	16,23,16,23,16	-1.2
lead	5	16,23,16,30,16	-0.4
lead	5	16,23,16,35,16	-0.4
lead	5	16,23,16,42,16	-0.4
lead	5	16,23,16,49,16	-0.4
lead	5	16,23,16,58,16	-0.4
lead	5	16,23,16,65,16	-0.4
lead	5	16,30,16,0,16	-0.4
lead	5	16,30,16,7,16	-0.4
lead	5	16,30,16,16,16	-0.4
lead	5	16,30,16,23,16	-0.4
lead	5	16,30,16,30,16	-1.2
lead	5	16,30,16,35,16	-0.4
lead	5	16,30,16,42,16	-0.4
lead	5	16,30,16,49,16	-0.4
lead	5	16,30,16,58,16	-0.4
lead	5	16,30,16,65,16	-0.4
lead	5	16,35,16,0,16	-0.4
lead	5	16,35,16,7,16	-0.4
lead	5	16,35,16,16,16	-0.4
lead	5	16,35,16,23,16	-0.4
lead	5	16,35,16,30,16	-0.4
lead	5	16,35,16,35,16	-1.2
lead	5	16,35,16,42,16	-0.4
lead	5	16,35,16,49,16	-0.4
lead	5	16,35,16,58,16	-0.4
lead	5	16,35,16,65,16	-0.4
lead	5	16,42,16,0,16	-0.4
lead	5	16,42,16,7,16	-0.4
lead	5	16,42,16,16,16	-0.4
lead	5	16,42,16,23,16	-0.4
lead	5	16,42,16,30,16	-0.4
lead	5	16,42,16,35,16	-0.4
lead	5	16,42,16,42,16	-1.2
lead	5	16,42,16,49,16	-0.4
lead	5	16,42,16,58,16	-0.4
lead	5	16,42,16,65,16	-0.4
lead	5	16,49,16,0,16	-0.4
lead	5	16,49,16,7,16	-0.4
lead	5	16,49,16,16,16	-0.4
lead	5	16,49,16,23,16	-0.4
lead	5	16,49,16,30,16	-0.4
lead	5	16,49,16,35,16	-0.4
lead	5	16,49,16,42,16	-0.4
lead	5	16,49,16,49,16	-1.2
lead	5	16,49,16,58,16	-0.4
lead	5	16,49,16,65,16	-0.4
lead	5	16,58,16,0,16	-0.4
lead	5	16,58,16,7,16	-0.4
lead	5	16,58,16,16,16	-0.4
lead	5	16,58,16,23,16	-0.4
lead	5	16,58,16,30,16	-0.4
lead	5	16,58,16,35,16	-0.4
lead	5	16,58,16,42,16	-0.4
lead	5	16,58,16,49,16	-0.4
lead	5	16,58,16,58,16	-1.2
lead	5	16,58,16,65,16	-0.4
lead	5	16,65,16,0,16	-0.4
lead	5	16,65,16,7,16	-0.4
lead	5	16,65,16,16,16	-0.4
lead	5	16,65,16,23,16	-0.4
lead	5	16,65,16,30,16	-0.4
lead	5	16,65,16,35,16	-0.4
lead	5	16,65,16,42,16	-0.4
lead	5	16,65,16,49,16	-0.4
lead	5	16,65,16,58,16	-0.4
lead	5	16,65,16,65,16	-1.2
lead	5	23,0,23,0,23	-1.2
lead	5	23,0,23,7,23	-0.4
lead	5	23,0,23,16,23	-0.4
lead	5	23,0,23,23,23	-0.4
lead	5	23,0,23,30,23	-0.4
lead	5	23,0,23,35,23	-0.4
lead	5	23,0,23,42,23	-0.4
lead	5	23,0,23,49,23	-0.4
lead	5	23,0,23,58,23	-0.4
lead	5	23,0,23,65,23	-0.4
lead	5	23,7,23,0,23	-0.4
lead	5	23,7,23,7,23	-1.2
lead	5	23,7,23,16,23	-0.4
lead	5	23,7,23,23,23	-0.4
lead	5	23,7,23,30,23	-0.4
lead	5	23,7,23,35,23	-0.4
lead	5	23,7,23,42,23	-0.4
lead	5	23,7,23,49,23	-0.4
lead	5	23,7,23,58,23	-0.4
lead	5	23,7,23,65,23	-0.4
lead	5	23,16,23,0,23	-0.4
lead	5	23,16,23,7,23	-0.4
lead	5	23,16,23,16,23	-1.2
lead	5	23,16,23,23,23	-0.4
lead	5	23,16,23,30,23	-0.4
lead	5	23,16,23,35,23	-0.4
lead	5	23,16,23,42,23	-0.4
lead	5	23,16,23,49,23	-0.4
lead	5	23,16,23,58,23	-0.4
lead	5	23,16,23,65,23	-0.4
lead	5	23,23,23,0,23	-0.4
lead	5	23,23,23,7,23	-0.4
lead	5	23,23,23,16,23	-0.4
lead	5	23,23,23,23,23	-1.2
lead	5	23,23,23,30,23	-0.4
lead	5	23,23,23,35,23	-0.4
lead	5	23,23,23,42,23	-0.4
lead	5	23,23,23,49,23	-0.4
lead	5	23,23,23,58,23	-0.4
lead	5	23,23,23,65,23	-0.4
lead	5	23,30,23,0,23	-0.4
lead	5	23,30,23,7,23	-0.4
lead	5	23,30,23,16,23	-0.4
lead	5	23,30,23,23,23	-0.4
lead	5	23,30,23,30,23	-1.2
lead	5	23,30,23,35,23	-0.4
lead	5	23,30,23,42,23	-0.4
lead	5	23,30,23,49,23	-0.4
lead	5	23,30,23,58,23	-0.4
lead	5	23,30,23,65,23	-0.4
lead	5	23,35,23,0,23	-0.4
lead	5	23,35,23,7,23	-0.4
lead	5	23,35,23,16,23	-0.4
lead	5	23,35,23,23,23	-0.4
lead	5	23,35,23,30,23	-0.4
lead	5	23,35,23,35,23	-1.2
lead	5	23,35,23,42,23	-0.4
lead	5	23,35,23,49,23	-0.4
lead	5	23,35,23,58,23	-0.4
lead	5	23,35,23,65,23	-0.4
lead	5	23,42,23,0,23	-0.4
lead	5	23,42,23,7,23	-0.4
lead	5	23,42,23,16,23	-0.4
lead	5	23,42,23,23,23	-0.4
lead	5	23,42,23,30,23	-0.4
lead	5	23,42,23,35,23	-0.4
lead	5	23,42,23,42,23	-1.2
lead	5	23,42,23,49,23	-0.4
lead	5	23,42,23,58,23	-0.4
lead	5	23,42,23,65,23	-0.4
lead	5	23,49,23,0,23	-0.4
lead	5	23,49,23,7,23	-0.4
lead	5	23,49,23,16,23	-0.4
lead	5	23,49,23,23,23	-0.4
lead	5	23,49,23,30,23	-0.4
lead	5	23,49,23,35,23	-0.4
lead	5	23,49,23,42,23	-0.4
lead	5	23,49,23,49,23	-1.2
lead	5	23,49,23,58,23	-0.4
lead	5	23,49,23,65,23	-0.4
lead	5	23,58,23,0,23	-0.4
lead	5	23,58,23,7,23	-0.4
lead	5	23,58,23,16,23	-0.4
lead	5	23,58,23,23,23	-0.4
lead	5	23,58,23,30,23	-0.4
lead	5	23,58,23,35,23	-0.4
lead	5	23,58,23,42,23	-0.4
lead	5	23,58,23,49,23	-0.4
lead	5	23,58,23,58,23	-1.2
lead	5	23,58,23,65,23	-0.4
lead	5	23,65,23,0,23	-0.4
lead	5	23,65,23,7,23	-0.4
lead	5	23,65,23,16,23	-0.4
lead	5	23,65,23,23,23	-0.4
lead	5	23,65,23,30,23	-0.4
lead	5	23,65,23,35,23	-0.4
lead	5	23,65,23,42,23	-0.4
lead	5	23,65,23,49,23	-0.4
lead	5	23,65,23,58,23	-0.4
lead	5	23,65,23,65,23	-1.2
lead	5	30,0,30,0,30	-1.2
lead	5	30,0,30,7,30	-0.4
lead	5	30,0,30,16,30	-0.4
lead	5	30,0,30,23,30	-0.4
lead	5	30,0,30,30,30	-0.4
lead	5	30,0,30,35,30	-0.4
lead	5	30,0,30,42,30	-0.4
lead	5	30,0,30,49,30	-0.4
lead	5	30,0,30,58,30	-0.4
lead	5	30,0,30,65,30	-0.4
lead	5	30,7,30,0,30	-0.4
lead	5	30,7,30,7,30	-1.2
lead	5	30,7,30,16,30	-0.4
lead	5	30,7,30,23,30	-0.4
lead	5	30,7,30,30,30	-0.4
lead	5	30,7,30,35,30	-0.4
lead	5	30,7,30,42,30	-0.4
lead	5	30,7,30,49,30	-0.4
lead	5	30,7,30,58,30	-0.4
lead	5	30,7,30,65,30	-0.4
lead	5	30,16,30,0,30	-0.4
lead	5	30,16,30,7,30	-0.4
lead	5	30,16,30,16,30	-1.2
lead	5	30,16,30,23,30	-0.4
lead	5	30,16,30,30,30	-0.4
lead	5	30,16,30,35,30	-0.4
lead	5	30,16,30,42,30	-0.4
lead	5	30,16,30,49,30	-0.4
lead	5	30,16,30,58,30	-0.4
lead	5	30,16,30,65,30	-0.4
lead	5	30,23,30,0,30	-0.4
lead	5	30,23,30,7,30	-0.4
lead	5	30,23,30,16,30	-0.4
lead	5	30,23,30,23,30	-1.2
lead	5	30,23,30,30,30	-0.4
lead	5	30,23,30,35,30	-0.4
lead	5	30,23,30,42,30	-0.4
lead	5	30,23,30,49,30	-0.4
lead	5	30,23,30,58,30	-0.4
lead	5	30,23,30,65,30	-0.4
lead	5	30,30,30,0,30	-0.4
lead	5	30,30,30,7,30	-0.4
lead	5	30,30,30,16,30	-0.4
lead	5	30,30,30,23,30	-0.4
lead	5	30,30,30,30,30	-1.2
lead	5	30,30,30,35,30	-0.4
lead	5	30,30,30,42,30	-0.4
lead	5	30,30,30,49,30	-0.4
lead	5	30,30,30,58,30	-0.4
lead	5	30,30,30,65,30	-0.4
lead	5	30,35,30,0,30	-0.4
lead	5	30,35,30,7,30	-0.4
lead	5	30,35,30,16,30	-0.4
lead	5	30,35,30,23,30	-0.4
lead	5	30,35,30,30,30	-0.4
lead	5	30,35,30,35,30	-1.2
lead	5	30,35,30,42,30	-0.4
lead	5	30,35,30,49,30	-0.4
lead	5	30,35,30,58,30	-0.4
lead	5	30,35,30,65,30	-0.4
lead	5	30,42,30,0,30	-0.4
lead	5	30,42,30,7,30	-0.4
lead	5	30,42,30,16,30	-0.4
lead	5	30,42,30,23,30	-0.4
lead	5	30,42,30,30,30	-0.4
lead	5	30,42,30,35,30	-0.4
lead	5	30,42,30,42,30	-1.2
lead	5	30,42,30,49,30	-0.4
lead	5	30,42,30,58,30	-0.4
lead	5	30,42,30,65,30	-0.4
lead	5	30,49,30,0,30	-0.4
lead	5	30,49,30,7,30	-0.4
lead	5	30,49,30,16,30	-0.4
lead	5	30,49,30,23,30	-0.4
lead	5	30,49,30,30,30	-0.4
lead	5	30,49,30,35,30	-0.4
lead	5	30,49,30,42,30	-0.4
lead	5	30,49,30,49,30	-1.2
lead	5	30,49,30,58,30	-0.4
lead	5	30,49,30,65,30	-0.4
lead	5	30,58,30,0,30	-0.4
lead	5	30,58,30,7,30	-0.4
lead	5	30,58,30,16,30	-0.4
lead	5	30,58,30,23,30	-0.4
lead	5	30,58,30,30,30	-0.4
lead	5	30,58,30,35,30	-0.4
lead	5	30,58,30,42,30	-0.4
lead	5	30,58,30,49,30	-0.4
lead	5	30,58,30,58,30	-1.2
lead	5	30,58,30,65,30	-0.4
lead	5	30,65,30,0,30	-0.4
lead	5	30,65,30,7,30	-0.4
lead	5	30,65,30,16,30	-0.4
lead	5	30,65,30,23,30	-0.4
lead	5	30,65,30,30,30	-0.4
lead	5	30,65,30,35,30	-0.4
lead	5	30,65,30,42,30	-0.4
lead	5	30,65,30,49,30	-0.4
lead	5	30,65,30,58,30	-0.4
lead	5	30,65,30,65,30	-1.2
lead	5	35,0,35,0,35	-1.2
lead	5	35,0,35,7,35	-0.4
lead	5	35,0,35,16,35	-0.4
lead	5	35,0,35,23,35	-0.4
lead	5	35,0,35,30,35	-0.4
lead	5	35,0,35,35,35	-0.4
lead	5	35,0,35,42,35	-0.4
lead	5	35,0,35,49,35	-0.4
lead	5	35,0,35,58,35	-0.4
lead	5	35,0,35,65,35	-0.4
lead	5	35,7,35,0,35	-0.4
lead	5	35,7,35,7,35	-1.2
lead	5	35,7,35,16,35	-0.4
lead	5	35,7,35,23,35	-0.4
lead	5	35,7,35,30,35	-0.4
lead	5	35,7,35,35,35	-0.4
lead	5	35,7,35,42,35	-0.4
lead	5	35,7,35,49,35	-0.4
lead	5	35,7,35,58,35	-0.4
lead	5	35,7,35,65,35	-0.4
lead	5	35,16,35,0,35	-0.4
lead	5	35,16,35,7,35	-0.4
lead	5	35,16,35,16,35	-1.2
lead	5	35,16,35,23,35	-0.4
lead	5	35,16,35,30,35	-0.4
lead	5	35,16,35,35,35	-0.4
lead	5	35,16,35,42,35	-0.4
lead	5	35,16,35,49,35	-0.4
lead	5	35,16,35,58,35	-0.4
lead	5	35,16,35,65,35	-0.4
lead	5	35,23,35,0,35	-0.4
lead	5	35,23,35,7,35	-0.4
lead	5	35,23,35,16,35	-0.4
lead	5	35,23,35,23,35	-1.2
lead	5	35,23,35,30,35	-0.4
lead	5	35,23,35,35,35	-0.4
lead	5	35,23,35,42,35	-0.4
lead	5	35,23,35,49,35	-0.4
lead	5	35,23,35,58,35	-0.4
lead	5	35,23,35,65,35	-0.4
lead	5	35,30,35,0,35	-0.4
lead	5	35,30,35,7,35	-0.4
lead	5	35,30,35,16,35	-0.4
lead	5	35,30,35,23,35	-0.4
lead	5	35,30,35,30,35	-1.2
lead	5	35,30,35,35,35	-0.4
lead	5	35,30,35,42,35	-0.4
lead	5	35,30,35,49,35	-0.4
lead	5	35,30,35,58,35	-0.4
lead	5	35,30,35,65,35	-0.4
lead	5	35,35,35,0,35	-0.4
lead	5	35,35,35,7,35	-0.4
lead	5	35,35,35,16,35	-0.4
lead	5	35,35,35,23,35	-0.4
lead	5	35,35,35,30,35	-0.4
lead	5	35,35,35,35,35	-1.2
lead	5	35,35,35,42,35	-0.4
lead	5	35,35,35,49,35	-0.4
lead	5	35,35,35,58,35	-0.4
lead	5	35,35,35,65,35	-0.4
lead	5	35,42,35,0,35	-0.4
lead	5	35,42,35,7,35	-0.4
lead	5	35,42,35,16,35	-0.4
lead	5	35,42,35,23,35	-0.4
lead	5	35,42,35,30,35	-0.4
lead	5	35,42,35,35,35	-0.4
lead	5	35,42,35,42,35	-1.2
lead	5	35,42,35,49,35	-0.4
lead	5	35,42,35,58,35	-0.4
lead	5	35,42,35,65,35	-0.4
lead	5	35,49,35,0,35	-0.4
lead	5	35,49,35,7,35	-0.4
lead	5	35,49,35,16,35	-0.4
lead	5	35,49,35,23,35	-0.4
lead	5	35,49,35,30,35	-0.4
lead	5	35,49,35,35,35	-0.4
lead	5	35,49,35,42,35	-0.4
lead	5	35,49,35,49,35	-1.2
lead	5	35,49,35,58,35	-0.4
lead	5	35,49,35,65,35	-0.4
lead	5	35,58,35,0,35	-0.4
lead	5	35,58,35,7,35	-0.4
lead	5	35,58,35,16,35	-0.4
lead	5	35,58,35,23,35	-0.4
lead	5	35,58,35,30,35	-0.4
lead	5	35,58,35,35,35	-0.4
lead	5	35,58,35,42,35	-0.4
lead	5	35,58,35,49,35	-0.4
lead	5	35,58,35,58,35	-1.2
lead	5	35,58,35,65,35	-0.4
lead	5	35,65,35,0,35	-0.4
lead	5	35,65,35,7,35	-0.4
lead	5	35,65,35,16,35	-0.4
lead	5	35,65,35,23,35	-0.4
lead	5	35,65,35,30,35	-0.4
lead	5	35,65,35,35,35	-0.4
lead	5	35,65,35,42,35	-0.4
lead	5	35,65,35,49,35	-0.4
lead	5	35,65,35,58,35	-0.4
lead	5	35,65,35,65,35	-1.2
lead	5	42,0,42,0,42	-1.2
lead	5	42,0,42,7,42	-0.4
lead	5	42,0,42,16,42	-0.4
lead	5	42,0,42,23,42	-0.4
lead	5	42,0,42,30,42	-0.4
lead	5	42,0,42,35,42	-0.4
lead	5	42,0,42,42,42	-0.4
lead	5	42,0,42,49,42	-0.4
lead	5	42,0,42,58,42	-0.4
lead	5	42,0,42,65,42	-0.4
lead	5	42,7,42,0,42	-0.4
lead	5	42,7,42,7,42	-1.2
lead	5	42,7,42,16,42	-0.4
lead	5	42,7,42,23,42	-0.4
lead	5	42,7,42,30,42	-0.4
lead	5	42,7,42,35,42	-0.4
lead	5	42,7,42,42,42	-0.4
lead	5	42,7,42,49,42	-0.4
lead	5	42,7,42,58,42	-0.4
lead	5	42,7,42,65,42	-0.4
lead	5	42,16,42,0,42	-0.4
lead	5	42,16,42,7,42	-0.4
lead	5	42,16,42,16,42	-1.2
lead	5	42,16,42,23,42	-0.4
lead	5	42,16,42,30,42	-0.4
lead	5	42,16,42,35,42	-0.4
lead	5	42,16,42,42,42	-0.4
lead	5	42,16,42,49,42	-0.4
lead	5	42,16,42,58,42	-0.4
lead	5	42,16,42,65,42	-0.4
lead	5	42,23,42,0,42	-0.4
lead	5	42,23,42,7,42	-0.4
lead	5	42,23,42,16,42	-0.4
lead	5	42,23,42,23,42	-1.2
lead	5	42,23,42,30,42	-0.4
lead	5	42,23,42,35,42	-0.4
lead	5	42,23,42,42,42	-0.4
lead	5	42,23,42,49,42	-0.4
lead	5	42,23,42,58,42	-0.4
lead	5	42,23,42,65,42	-0.4
lead	5	42,30,42,0,42	-0.4
lead	5	42,30,42,7,42	-0.4
lead	5	42,30,42,16,42	-0.4
lead	5	42,30,42,23,42	-0.4
lead	5	42,30,42,30,42	-1.2
lead	5	42,30,42,35,42	-0.4
lead	5	42,30,42,42,42	-0.4
lead	5	42,30,42,49,42	-0.4
lead	5	42,30,42,58,42	-0.4
lead	5	42,30,42,65,42	-0.4
lead	5	42,35,42,0,42	-0.4
lead	5	42,35,42,7,42	-0.4
lead	5	42,35,42,16,42	-0.4
lead	5	42,35,42,23,42	-0.4
lead	5	42,35,42,30,42	-0.4
lead	5	42,35,42,35,42	-1.2
lead	5	42,35,42,42,42	-0.4
lead	5	42,35,42,49,42	-0.4
lead	5	42,35,42,58,42	-0.4
lead	5	42,35,42,65,42	-0.4
lead	5	42,42,42,0,42	-0.4
lead	5	42,42,42,7,42	-0.4
lead	5	42,42,42,16,42	-0.4
lead	5	42,42,42,23,42	-0.4
lead	5	42,42,42,30,42	-0.4
lead	5	42,42,42,35,42	-0.4
lead	5	42,42,42,42,42	-1.2
lead	5	42,42,42,49,42	-0.4
lead	5	42,42,42,58,42	-0.4
lead	5	42,42,42,65,42	-0.4
lead	5	42,49,42,0,42	-0.4
lead	5	42,49,42,7,42	-0.4
lead	5	42,49,42,16,42	-0.4
lead	5	42,49,42,23,42	-0.4
lead	5	42,49,42,30,42	-0.4
lead	5	42,49,42,35,42	-0.4
lead	5	42,49,42,42,42	-0.4
lead	5	42,49,42,49,42	-1.2
lead	5	42,49,42,58,42	-0.4
lead	5	42,49,42,65,42	-0.4
lead	5	42,58,42,0,42	-0.4
lead	5	42,58,42,7,42	-0.4
lead	5	42,58,42,16,42	-0.4
lead	5	42,58,42,23,42	-0.4
lead	5	42,58,42,30,42	-0.4
lead	5	42,58,42,35,42	-0.4
lead	5	42,58,42,42,42	-0.4
lead	5	42,58,42,49,42	-0.4
lead	5	42,58,42,58,42	-1.2
lead	5	42,58,42,65,42	-0.4
lead	5	42,65,42,0,42	-0.4
lead	5	42,65,42,7,42	-0.4
lead	5	42,65,42,16,42	-0.4
lead	5	42,65,42,23,42	-0.4
lead	5	42,65,42,30,42	-0.4
lead	5	42,65,42,35,42	-0.4
lead	5	42,65,42,42,42	-0.4
lead	5	42,65,42,49,42	-0.4
lead	5	42,65,42,58,42	-0.4
lead	5	42,65,42,65,42	-1.2
lead	5	49,0,49,0,49	-1.2
lead	5	49,0,49,7,49	-0.4
lead	5	49,0,49,16,49	-0.4
lead	5	49,0,49,23,49	-0.4
lead	5	49,0,49,30,49	-0.4
lead	5	49,0,49,35,49	-0.4
lead	5	49,0,49,42,49	-0.4
lead	5	49,0,49,49,49	-0.4
lead	5	49,0,49,58,49	-0.4
lead	5	49,0,49,65,49	-0.4
lead	5	49,7,49,0,49	-0.4
lead	5	49,7,49,7,49	-1.2
lead	5	49,7,49,16,49	-0.4
lead	5	49,7,49,23,49	-0.4
lead	5	49,7,49,30,49	-0.4
lead	5	49,7,49,35,49	-0.4
lead	5	49,7,49,42,49	-0.4
lead	5	49,7,49,49,49	-0.4
lead	5	49,7,49,58,49	-0.4
lead	5	49,7,49,65,49	-0.4
lead	5	49,16,49,0,49	-0.4
lead	5	49,16,49,7,49	-0.4
lead	5	49,16,49,16,49	-1.2
lead	5	49,16,49,23,49	-0.4
lead	5	49,16,49,30,49	-0.4
lead	5	49,16,49,35,49	-0.4
lead	5	49,16,49,42,49	-0.4
lead	5	49,16,49,49,49	-0.4
lead	5	49,16,49,58,49	-0.4
lead	5	49,16,49,65,49	-0.4
lead	5	49,23,49,0,49	-0.4
lead	5	49,23,49,7,49	-0.4
lead	5	49,23,49,16,49	-0.4
lead	5	49,23,49,23,49	-1.2
lead	5	49,23,49,30,49	-0.4
lead	5	49,23,49,35,49	-0.4
lead	5	49,23,49,42,49	-0.4
lead	5	49,23,49,49,49	-0.4
lead	5	49,23,49,58,49	-0.4
lead	5	49,23,49,65,49	-0.4
lead	5	49,30,49,0,49	-0.4
lead	5	49,30,49,7,49	-0.4
lead	5	49,30,49,16,49	-0.4
lead	5	49,30,49,23,49	-0.4
lead	5	49,30,49,30,49	-1.2
lead	5	49,30,49,35,49	-0.4
lead	5	49,30,49,42,49	-0.4
lead	5	49,30,49,49,49	-0.4
lead	5	49,30,49,58,49	-0.4
lead	5	49,30,49,65,49	-0.4
lead	5	49,35,49,0,49	-0.4
lead	5	49,35,49,7,49	-0.4
lead	5	49,35,49,16,49	-0.4
lead	5	49,35,49,23,49	-0.4
lead	5	49,35,49,30,49	-0.4
lead	5	49,35,49,35,49	-1.2
lead	5	49,35,49,42,49	-0.4
lead	5	49,35,49,49,49	-0.4
lead	5	49,35,49,58,49	-0.4
lead	5	49,35,49,65,49	-0.4
lead	5	49,42,49,0,49	-0.4
lead	5	49,42,49,7,49	-0.4
lead	5	49,42,49,16,49	-0.4
lead	5	49,42,49,23,49	-0.4
lead	5	49,42,49,30,49	-0.4
lead	5	49,42,49,35,49	-0.4
lead	5	49,42,49,42,49	-1.2
lead	5	49,42,49,49,49	-0.4
lead	5	49,42,49,58,49	-0.4
lead	5	49,42,49,65,49	-0.4
lead	5	49,49,49,0,49	-0.4
lead	5	49,49,49,7,49	-0.4
lead	5	49,49,49,16,49	-0.4
lead	5	49,49,49,23,49	-0.4
lead	5	49,49,49,30,49	-0.4
lead	5	49,49,49,35,49	-0.4
lead	5	49,49,49,42,49	-0.4
lead	5	49,49,49,49,49	-1.2
lead	5	49,49,49,58,49	-0.4
lead	5	49,49,49,65,49	-0.4
lead	5	49,58,49,0,49	-0.4
lead	5	49,58,49,7,49	-0.4
lead	5	49,58,49,16,49	-0.4
lead	5	49,58,49,23,49	-0.4
lead	5	49,58,49,30,49	-0.4
lead	5	49,58,49,35,49	-0.4
lead	5	49,58,49,42,49	-0.4
lead	5	49,58,49,49,49	-0.4
lead	5	49,58,49,58,49	-1.2
lead	5	49,58,49,65,49	-0.4
lead	5	49,65,49,0,49	-0.4
lead	5	49,65,49,7,49	-0.4
lead	5	49,65,49,16,49	-0.4
lead	5	49,65,49,23,49	-0.4
lead	5	49,65,49,30,49	-0.4
lead	5	49,65,49,35,49	-0.4
lead	5	49,65,49,42,49	-0.4
lead	5	49,65,49,49,49	-0.4
lead	5	49,65,49,58,49	-0.4
lead	5	49,65,49,65,49	-1.2
lead	5	58,0,58,0,58	-1.2
lead	5	58,0,58,7,58	-0.4
lead	5	58,0,58,16,58	-0.4
lead	5	58,0,58,23,58	-0.4
lead	5	58,0,58,30,58	-0.4
lead	5	58,0,58,35,58	-0.4
lead	5	58,0,58,42,58	-0.4
lead	5	58,0,58,49,58	-0.4
lead	5	58,0,58,58,58	-0.4
lead	5	58,0,58,65,58	-0.4
lead	5	58,7,58,0,58	-0.4
lead	5	58,7,58,7,58	-1.2
lead	5	58,7,58,16,58	-0.4
lead	5	58,7,58,23,58	-0.4
lead	5	58,7,58,30,58	-0.4
lead	5	58,7,58,35,58	-0.4
lead	5	58,7,58,42,58	-0.4
lead	5	58,7,58,49,58	-0.4
lead	5	58,7,58,58,58	-0.4
lead	5	58,7,58,65,58	-0.4
lead	5	58,16,58,0,58	-0.4
lead	5	58,16,58,7,58	-0.4
lead	5	58,16,58,16,58	-1.2
lead	5	58,16,58,23,58	-0.4
lead	5	58,16,58,30,58	-0.4
lead	5	58,16,58,35,58	-0.4
lead	5	58,16,58,42,58	-0.4
lead	5	58,16,58,49,58	-0.4
lead	5	58,16,58,58,58	-0.4
lead	5	58,16,58,65,58	-0.4
lead	5	58,23,58,0,58	-0.4
lead	5	58,23,58,7,58	-0.4
lead	5	58,23,58,16,58	-0.4
lead	5	58,23,58,23,58	-1.2
lead	5	58,23,58,30,58	-0.4
lead	5	58,23,58,35,58	-0.4
lead	5	58,23,58,42,58	-0.4
lead	5	58,23,58,49,58	-0.4
lead	5	58,23,58,58,58	-0.4
lead	5	58,23,58,65,58	-0.4
lead	5	58,30,58,0,58	-0.4
lead	5	58,30,58,7,58	-0.4
lead	5	58,30,58,16,58	-0.4
lead	5	58,30,58,23,58	-0.4
lead	5	58,30,58,30,58	-1.2
lead	5	58,30,58,35,58	-0.4
lead	5	58,30,58,42,58	-0.4
lead	5	58,30,58,49,58	-0.4
lead	5	58,30,58,58,58	-0.4
lead	5	58,30,58,65,58	-0.4
lead	5	58,35,58,0,58	-0.4
lead	5	58,35,58,7,58	-0.4
lead	5	58,35,58,16,58	-0.4
lead	5	58,35,58,23,58	-0.4
lead	5	58,35,58,30,58	-0.4
lead	5	58,35,58,35,58	-1.2
lead	5	58,35,58,42,58	-0.4
lead	5	58,35,58,49,58	-0.4
lead	5	58,35,58,58,58	-0.4
lead	5	58,35,58,65,58	-0.4
lead	5	58,42,58,0,58	-0.4
lead	5	58,42,58,7,58	-0.4
lead	5	58,42,58,16,58	-0.4
lead	5	58,42,58,23,58	-0.4
lead	5	58,42,58,30,58	-0.4
lead	5	58,42,58,35,58	-0.4
lead	5	58,42,58,42,58	-1.2
lead	5	58,42,58,49,58	-0.4
lead	5	58,42,58,58,58	-0.4
lead	5	58,42,58,65,58	-0.4
lead	5	58,49,58,0,58	-0.4
lead	5	58,49,58,7,58	-0.4
lead	5	58,49,58,16,58	-0.4
lead	5	58,49,58,23,58	-0.4
lead	5	58,49,58,30,58	-0.4
lead	5	58,49,58,35,58	-0.4
lead	5	58,49,58,42,58	-0.4
lead	5	58,49,58,49,58	-1.2
lead	5	58,49,58,58,58	-0.4
lead	5	58,49,58,65,58	-0.4
lead	5	58,58,58,0,58	-0.4
lead	5	58,58,58,7,58	-0.4
lead	5	58,58,58,16,58	-0.4
lead	5	58,58,58,23,58	-0.4
lead	5	58,58,58,30,58	-0.4
lead	5	58,58,58,35,58	-0.4
lead	5	58,58,58,42,58	-0.4
lead	5	58,58,58,49,58	-0.4
lead	5	58,58,58,58,58	-1.2
lead	5	58,58,58,65,58	-0.4
lead	5	58,65,58,0,58	-0.4
lead	5	58,65,58,7,58	-0.4
lead	5	58,65,58,16,58	-0.4
lead	5	58,65,58,23,58	-0.4
lead	5	58,65,58,30,58	-0.4
lead	5	58,65,58,35,58	-0.4
lead	5	58,65,58,42,58	-0.4
lead	5	58,65,58,49,58	-0.4
lead	5	58,65,58,58,58	-0.4
lead	5	58,65,58,65,58	-1.2
lead	5	65,0,65,0,65	-1.2
lead	5	65,0,65,7,65	-0.4
lead	5	65,0,65,16,65	-0.4
lead	5	65,0,65,23,65	-0.4
lead	5	65,0,65,30,65	-0.4
lead	5	65,0,65,35,65	-0.4
lead	5	65,0,65,42,65	-0.4
lead	5	65,0,65,49,65	-0.4
lead	5	65,0,65,58,65	-0.4
lead	5	65,0,65,65,65	-0.4
lead	5	65,7,65,0,65	-0.4
lead	5	65,7,65,7,65	-1.2
lead	5	65,7,65,16,65	-0.4
lead	5	65,7,65,23,65	-0.4
lead	5	65,7,65,30,65	-0.4
lead	5	65,7,65,35,65	-0.4
lead	5	65,7,65,42,65	-0.4
lead	5	65,7,65,49,65	-0.4
lead	5	65,7,65,58,65	-0.4
lead	5	65,7,65,65,65	-0.4
lead	5	65,16,65,0,65	-0.4
lead	5	65,16,65,7,65	-0.4
lead	5	65,16,65,16,65	-1.2
lead	5	65,16,65,23,65	-0.4
lead	5	65,16,65,30,65	-0.4
lead	5	65,16,65,35,65	-0.4
lead	5	65,16,65,42,65	-0.4
lead	5	65,16,65,49,65	-0.4
lead	5	65,16,65,58,65	-0.4
lead	5	65,16,65,65,65	-0.4
lead	5	65,23,65,0,65	-0.4
lead	5	65,23,65,7,65	-0.4
lead	5	65,23,65,16,65	-0.4
lead	5	65,23,65,23,65	-1.2
lead	5	65,23,65,30,65	-0.4
lead	5	65,23,65,35,65	-0.4
lead	5	65,23,65,42,65	-0.4
lead	5	65,23,65,49,65	-0.4
lead	5	65,23,65,58,65	-0.4
lead	5	65,23,65,65,65	-0.4
lead	5	65,30,65,0,65	-0.4
lead	5	65,30,65,7,65	-0.4
lead	5	65,30,65,16,65	-0.4
lead	5	65,30,65,23,65	-0.4
lead	5	65,30,65,30,65	-1.2
lead	5	65,30,65,35,65	-0.4
lead	5	65,30,65,42,65	-0.4
lead	5	65,30,65,49,65	-0.4
lead	5	65,30,65,58,65	-0.4
lead	5	65,30,65,65,65	-0.4
lead	5	65,35,65,0,65	-0.4
lead	5	65,35,65,7,65	-0.4
lead	5	65,35,65,16,65	-0.4
lead	5	65,35,65,23,65	-0.4
lead	5	65,35,65,30,65	-0.4
lead	5	65,35,65,35,65	-1.2
lead	5	65,35,65,42,65	-0.4
lead	5	65,35,65,49,65	-0.4
lead	5	65,35,65,58,65	-0.4
lead	5	65,35,65,65,65	-0.4
lead	5	65,42,65,0,65	-0.4
lead	5	65,42,65,7,65	-0.4
lead	5	65,42,65,16,65	-0.4
lead	5	65,42,65,23,65	-0.4
lead	5	65,42,65,30,65	-0.4
lead	5	65,42,65,35,65	-0.4
lead	5	65,42,65,42,65	-1.2
lead	5	65,42,65,49,65	-0.4
lead	5	65,42,65,58,65	-0.4
lead	5	65,42,65,65,65	-0.4
lead	5	65,49,65,0,65	-0.4
lead	5	65,49,65,7,65	-0.4
lead	5	65,49,65,16,65	-0.4
lead	5	65,49,65,23,65	-0.4
lead	5	65,49,65,30,65	-0.4
lead	5	65,49,65,35,65	-0.4
lead	5	65,49,65,42,65	-0.4
lead	5	65,49,65,49,65	-1.2
lead	5	65,49,65,58,65	-0.4
lead	5	65,49,65,65,65	-0.4
lead	5	65,58,65,0,65	-0.4
lead	5	65,58,65,7,65	-0.4
lead	5	65,58,65,16,65	-0.4
lead	5	65,58,65,23,65	-0.4
lead	5	65,58,65,30,65	-0.4
lead	5	65,58,65,35,65	-0.4
lead	5	65,58,65,42,65	-0.4
lead	5	65,58,65,49,65	-0.4
lead	5	65,58,65,58,65	-1.2
lead	5	65,58,65,65,65	-0.4
lead	5	65,65,65,0,65	-0.4
lead	5	65,65,65,7,65	-0.4
lead	5	65,65,65,16,65	-0.4
lead	5	65,65,65,23,65	-0.4
lead	5	65,65,65,30,65	-0.4
lead	5	65,65,65,35,65	-0.4
lead	5	65,65,65,42,65	-0.4
lead	5	65,65,65,49,65	-0.4
lead	5	65,65,65,58,65	-0.4
lead	5	65,65,65,65,65	-1.2
